0.029850746268656716
0.031147997150614858
0.03353520620860327
0.03432435259608826
0.03471937032918051
0.03498895745618992
0.035223476369319974
0.03544863387111043
0.03567203965674006
0.035895919632114644
0.036120931639732054
0.03634727425995383
0.03657501184015951
0.03680416950172765
0.03703476093320142
0.037266796518966486
0.037500285716997615
0.03773523775454326
0.03797166183184996
0.038209567182000845
0.03844896308867217
0.03868985889158362
0.03893226398835073
0.03917618783528678
0.03942163994789897
0.03966862990129685
0.03991716733057673
0.04016726193120078
0.04041892345937607
0.04067216173243559
0.040926986629221146
0.04118340809046887
0.04144143611919699
0.04170108078109598
0.04196235220492135
0.04222526058288864
0.04248981617107113
0.042756029289799845
0.043023910324066196
0.04329346972392711
0.04356471800491262
0.04383766574843619
0.044112323602207376
0.044388702280647244
0.044666812565306406
0.044946665305285474
0.045228271417658394
0.045511641887898316
0.04579678777030603
0.04608372018844135
0.04637245033555691
0.0466629894750349
0.04695534894082642
0.04724954013789363
0.047545574542654595
0.04784346370343112
0.04814321924089909
0.0484448528485419
0.04874837629310659
0.04905380141506286
0.04936114012906497
0.04967040442441654
0.04998160636553821
0.05029475809243837
0.050609871821186626
0.05092695984439045
0.051246034531674645
0.05156710833016391
0.05189019376496842
0.05221530343967243
0.052542450036825866
0.052871646318439214
0.05320290512648124
0.053536239383379994
0.053871662092526945
0.054209186338784215
0.05454882528899506
0.05489059219249741
0.055234500381640864
0.05558056327230665
0.055928794364431114
0.05627920724253223
0.05663181557623961
0.056986633120827745
0.05734367371775255
0.0577029512951914
0.05806447986858643
0.058428273541191234
0.05879434650462113
0.05916271303940666
0.0595333875155508
0.059906384393089436
0.06028171822265549
0.060659403646046536
0.06103945539679599
0.06142188830074786
0.06180671727663507
0.062193957336661485
0.06258362358708755
0.06297573122881948
0.06337029555800244
0.06376733196661703
0.06416685594307989
0.06456888307284785
0.06497342903902587
0.06538050962297894
0.06579014070494763
0.06620233826466758
0.06661711838199297
0.06703449723752364
0.06745449111323644
0.06787711639312032
0.06830238956381544
0.06873032721525643
0.06916094604131941
0.06959426284047336
0.07003029451643533
0.07046905807882994
0.07091057064385282
0.07135484943493843
0.07180191178343186
0.07225177512926495
0.07270445702163669
0.07315997511969768
0.07361834719323916
0.07407959112338611
0.0745437249032948
0.07501076663885478
0.07548073454939513
0.0759536469683952
0.07642952234419978
0.07690837924073887
0.07739023633825175
0.07787511243401575
0.07836302644307949
0.07885399739900083
0.07934804445458932
0.07984518688265338
0.08034544407675204
0.08084883555195164
0.08135538094558704
0.08186510001802758
0.08237801265344809
0.0828941388606045
0.08341349877361437
0.08393611265274233
0.08446200088519046
0.08499118398589363
0.0855236825983196
0.08605951749527464
0.08659870957971354
0.0871412798855553
0.08768724957850352
0.0882366399568721
0.08878947245241618
0.08934576863116801
0.08990555019427846
0.0904688389788634
0.09103565695885567
0.09160602624586225
0.09217996909002686
0.09275750788089787
0.09333866514830187
0.09392346356322234
0.09451192593868427
0.09510407523064389
0.0956999345388844
0.09629952710791688
0.09690287632788723
0.09751000573548851
0.09812093901487919
0.09873569999860698
0.09935431266853866
0.09997680115679547
0.10060318974669462
0.10123350287369655
0.10186776512635809
0.10250600124729187
0.10314823613413117
0.1037944948405016
0.10444480257699809
0.1050991847121686
0.1057576667735036
0.10642027444843194
0.107087033585323
0.10775797019449489
0.10843311044922924
0.10911248068679213
0.10979610740946162
0.11048401728556144
0.1111762371505015
0.11187279400782463
0.11257371503026
0.11327902756078317
0.11398875911368275
0.1147029373756337
0.11542159020677732
0.11614474564180824
0.11687243189106788
0.11760467734164516
0.11834151055848358
0.11908296028549582
0.11982905544668492
0.12057982514727254
0.1213352986748345
0.12209550550044325
0.12286047527981736
0.12363023785447877
0.12440482325291646
0.12518426169175825
0.1259685835769493
0.1267578195049383
0.12755200026387123
0.1283511568347921
0.12915532039285174
0.12996452230852387
0.1307787941488289
0.1315981676785653
0.13242267486154877
0.13325234786185922
0.13408721904509538
0.13492732097963747
0.1357726864379177
0.13662334839769863
0.1374793400433597
0.1383406947671918
0.13920744617069974
0.14007962806591334
0.14095727447670608
0.14184041964012276
0.14272909800771466
0.14362334424688383
0.1445231932422354
0.14542868009693832
0.14633984013409485
0.14725670889811843
0.14817932215612034
0.149107715899305
0.15004192634437385
0.15098198993493828
0.15192794334294135
0.15287982347008816
0.15383766744928565
0.1548015126460909
0.155771396660169
0.15674735732675962
0.1577294327181531
0.15871766114517555
0.15971208115868346
0.16071273155106744
0.16171965135776575
0.16273287985878673
0.16375245658024146
0.16477842129588535
0.16581081402867007
0.16684967505230452
0.16789504489282617
0.16894696433018178
0.17000547439981845
0.171070616394284
0.17214243186483838
0.17322096262307418
0.17430625074254769
0.17539833856042056
0.17649726867911084
0.17760308396795543
0.17871582756488202
0.17983554287809214
0.18096227358775435
0.1820960636477084
0.1832369572871797
0.1843849990125047
0.18554023360886743
0.18670270614204584
0.18787246196017066
0.18904954669549395
0.1902340062661692
0.19142588687804285
0.19262523502645656
0.19383209749806118
0.19504652137264175
0.19626855402495408
0.19749824312657302
0.19873563664775196
0.19998078285929421
0.201233730334436
0.2024945279507415
0.2037632248920092
0.20503987065019105
0.20632451502732257
0.20761720813746626
0.2089180004086659
0.21022694258491434
0.21154408572813266
0.21286948122016214
0.21420318076476896
0.21554523638966064
0.2168957004485162
0.21825462562302805
0.21962206492495737
0.22099807169820201
0.22238269962087745
0.22377600270741071
0.22517803531064767
0.226588852123973
0.22800850818344434
0.22943705886993854
0.23087455991131264
0.23232106738457767
0.233776637718086
0.23524132769373282
0.23671519444917127
0.23819829548004118
0.23969068864221207
0.2411924321540402
0.2427035845986396
0.24422420492616717
0.2457543524561229
0.2472940868796633
0.24884346826193035
0.25040255704439446
0.2519714140472124
0.25355010047160004
0.2551386779022192
0.2567372083095811
0.25834575405246263
0.2599643778803401
0.26159314293583624
0.26323211275718394
0.26488135128070456
0.2665409228433022
0.26821089218497374
0.2698913244513338
0.2715822851961565
0.2732838403839326
0.2749960563924429
0.2767190000153473
0.27845273846479096
0.28019733937402563
0.28195287080004844
0.28371940122625683
0.28549699956511965
0.2872857351608662
0.2890856777921906
0.2908968976749742
0.2927194654650247
0.29455345226083257
0.29639892960634423
0.2982559694937533
0.3001246443663089
0.30200502712114186
0.303897191112108
0.30580121015265
0.30771715851867704
0.30964511095146185
0.3115851426605567
0.3135373293267271
0.3155017471049045
0.31747847262715667
0.3194675830056771
0.3214691558357938
0.3234832691989954
0.3255100016659779
0.32754943229970906
0.3296016406585132
0.33166670679917465
0.3337447112800603
0.3358357351642627
0.3379398600227622
0.34005716793760926
0.34218774150512593
0.3443316638391283
0.3464890185741688
0.3486598898687988
0.3508443624088513
0.353042521410745
0.35525445262480826
0.3574802423386245
0.359719977380398
0.3619737451223413
0.3642416334840834
0.3665237309360996
0.3688201265031629
0.3711309097678167
0.3734561708738693
0.37579600052991063
0.3781504900128508
0.3805197311714806
0.3829038164300546
0.38530283879189703
0.3877168918430292
0.39014606975582067
0.39259046729266295
0.39505017980966606
0.39752530326037827
0.4000159341995297
0.4025221697867983
0.4050441077906004
0.4075818465919051
0.41013548518807097
0.4127051231967091
0.4152908608595686
0.41789279904644727
0.420511039259126
0.42314568363532934
0.425796834952709
0.42846459663285374
0.43114907274532355
0.43385036801170956
0.4365685878097193
0.43930383817728724
0.44205622581671167
0.4448258580988168
0.4476128430671417
0.45041728944215476
0.45323930662549505
0.4560790047042399
0.4589364944551998
0.4618118873492393
0.46470529555562595
0.46761683194640563
0.4705466101008061
0.47349474430966726
0.4764613495799004
0.4794465416389735
0.4824504369394269
0.4854731526634154
0.48851480672727976
0.4915755177861468
0.49465540523855783
0.49775458923112664
0.5008731906632262
0.5040113311917052
0.5071691332356337
0.5103467199810788
0.5135442153859103
0.5167617441846358
0.5199994318932672
0.5232574048142167
0.5265357900412238
0.5298347154643137
0.5331543097747858
0.5364947024702345
0.5398560238596002
0.5432384050682532
0.5466419780431085
0.550066875557774
0.5535132312177284
0.5569811794655349
0.5604708555860843
0.5639823957118735
0.5675159368283158
0.5710716167790842
0.5746495742714897
0.578249948881891
0.5818728810611404
0.5855185121400627
0.5891869843349679
0.5928784407531993
0.596593025398717
0.6003308831777141
0.6040921599042702
0.6078770023060404
0.6116855580299771
0.6155179756480921
0.6193744046632504
0.623254995515004
0.627159899585459
0.6310892692051822
0.6350432576591432
0.6390220191926935
0.6430257090175846
0.6470544833180218
0.6511084992567581
0.6551879149812235
0.6592928896296963
0.6634235833375097
0.6675801572432991
0.671762773495288
0.675971595257614
0.680206786716693
0.6844685130876246
0.6887569406206373
0.6930722366075731
0.6974145693884148
0.7017841083578527
0.7061810239718909
0.7106054877544993
0.7150576723043037
0.719537751301318
0.7240458995137217
0.728582292804675
0.7331471081391809
0.7377405235909891
0.7423627183495398
0.7470138727269579
0.7516941681650835
0.7564037872425522
0.7611429136819166
0.765911732356813
